78 73 76 80 87 88 65 66 70 74 69 53 41 37 25 18 55 56 67 68 71 54 58 62 63 94 95 100 98 99 93 91 90 89 81 75 57 45 32 29 22 21 39 60 61 23 20 30 28 44 47 52 43 46 42 38 35 34 12 1 2 6 15 50 83 85 92 97 96 86 79 72 59 49 33 27 5 4 13 14 3 7 10 11 31 40 48 51 36 26 17 9 8 16 19 24 64 77 84 82 
33 28 23 21 15 2 1 6 7 10 11 12 20 24 19 3 4 5 17 67 83 85 82 57 51 31 22 29 45 95 100 94 87 66 50 55 56 59 71 78 68 72 80 75 61 60 39 38 18 27 40 48 54 73 76 81 89 90 93 86 74 36 16 25 26 37 42 65 88 99 98 97 96 92 91 84 79 77 64 49 32 30 8 9 14 13 34 35 43 52 53 58 63 70 69 62 47 44 46 41 
30 28 33 36 46 43 52 53 58 63 70 87 94 100 95 88 66 24 20 21 22 71 91 92 86 80 76 89 90 99 98 93 79 77 72 78 82 75 81 74 69 62 57 34 14 13 4 5 37 44 54 67 68 59 56 55 48 45 47 51 42 41 61 65 60 39 38 35 9 8 16 19 23 15 11 10 7 6 2 1 3 12 17 25 18 26 27 40 49 64 73 84 97 96 85 83 50 31 32 29 
83 85 96 97 91 82 77 86 89 90 65 60 61 52 47 40 31 29 11 10 7 6 3 13 14 17 18 25 35 34 38 39 42 44 45 48 55 50 41 36 33 30 22 8 9 5 4 70 74 73 76 80 64 62 63 37 26 16 12 20 19 23 28 24 27 58 57 53 68 67 59 49 32 21 1 2 15 71 84 92 98 99 93 79 72 69 75 81 100 95 94 88 87 66 46 43 51 54 56 78 
97 92 6 2 1 31 32 78 82 79 77 72 73 54 44 47 59 40 49 45 33 28 11 10 7 3 12 24 19 37 61 66 65 60 39 41 64 67 68 71 86 98 99 95 100 94 87 88 70 62 57 53 58 63 74 90 89 93 91 85 84 80 76 81 75 69 36 26 18 16 17 14 13 9 8 23 30 22 21 29 15 20 27 25 5 4 34 35 38 42 43 46 52 51 55 48 50 56 83 96 
89 90 98 99 93 86 72 77 79 84 83 78 82 85 76 48 50 56 71 68 67 59 30 29 31 32 33 36 26 25 61 66 65 87 88 97 96 92 91 57 37 17 16 19 27 28 20 22 21 15 7 10 11 12 47 51 54 39 38 35 34 14 3 1 2 6 23 24 41 44 58 53 52 46 43 42 18 8 9 5 4 13 60 94 95 100 75 81 73 64 49 40 45 55 63 62 80 69 70 74 
71 78 91 85 86 76 42 27 19 24 25 26 51 54 62 74 75 88 87 66 61 60 52 57 82 83 84 79 77 72 40 31 30 29 21 23 28 33 36 37 48 55 56 70 81 90 99 98 80 73 63 53 43 46 58 69 89 92 97 96 93 100 95 94 65 50 45 44 47 41 35 34 5 4 13 14 16 17 18 12 20 7 2 1 6 59 68 67 64 38 39 9 8 3 10 11 15 22 32 49 
100 95 70 74 77 79 84 83 82 48 18 17 14 13 38 60 61 26 25 36 45 40 32 31 30 23 20 28 33 41 58 64 80 76 73 62 57 51 54 50 55 56 67 71 78 68 59 85 91 96 97 92 72 52 46 15 10 11 22 29 53 63 69 75 89 90 81 66 65 3 6 12 44 47 43 42 37 24 27 19 16 8 9 34 35 39 88 94 87 4 5 1 2 7 21 49 86 93 98 99 
12 6 7 11 21 23 45 44 47 46 52 53 58 62 79 72 56 55 49 40 50 81 90 100 95 94 98 99 93 86 84 77 80 75 74 70 69 66 61 60 38 39 42 65 87 88 89 64 48 33 26 25 18 19 24 27 36 37 51 54 57 63 73 76 68 71 78 82 91 92 83 67 28 15 10 2 1 3 9 4 5 13 14 34 35 41 43 96 97 85 59 22 29 32 31 30 16 17 8 20 
80 76 74 69 57 54 67 68 59 50 48 18 25 26 36 52 53 64 72 77 79 84 82 83 85 91 92 93 62 58 47 51 99 98 89 55 45 33 27 23 20 21 22 30 44 73 86 90 66 65 60 43 46 87 94 100 95 88 61 37 2 1 6 15 28 41 97 96 78 71 56 49 40 32 31 29 11 10 7 3 8 12 24 19 16 9 4 5 17 38 39 13 14 34 35 42 63 70 75 81 
54 49 45 42 41 13 4 5 9 16 81 89 90 88 87 94 100 95 74 69 63 62 57 67 84 83 85 68 59 31 33 36 37 43 46 52 58 53 51 47 44 30 29 23 28 61 60 39 38 34 35 26 27 24 20 15 21 91 92 96 97 93 98 99 79 82 78 71 32 22 11 10 19 17 18 25 14 8 3 7 6 2 1 12 40 48 50 55 56 64 72 77 86 80 76 73 75 70 66 65 
71 11 7 6 15 40 50 72 77 79 73 76 59 49 32 33 36 44 53 99 98 86 85 84 100 95 94 35 12 10 2 1 3 9 25 26 24 23 19 16 18 42 43 52 46 61 60 39 38 34 17 8 14 13 4 5 37 48 45 31 30 28 27 20 21 22 29 41 65 66 87 88 90 89 75 81 74 70 69 80 93 97 96 92 91 83 64 51 47 57 68 67 56 55 54 58 63 62 82 78 
58 87 94 100 95 88 46 30 29 22 21 20 31 40 49 59 67 79 72 77 64 51 27 24 19 17 4 5 16 18 25 26 44 57 90 89 81 75 74 70 66 65 61 36 8 9 14 13 37 41 42 39 38 60 99 98 93 69 52 34 35 43 47 50 48 45 33 23 28 12 3 7 10 11 68 85 97 96 92 91 71 6 2 1 15 32 78 82 83 84 86 80 62 53 63 76 73 56 55 54 
32 52 61 60 65 66 70 74 62 58 54 57 51 67 78 82 83 77 79 72 68 71 59 48 45 30 12 8 9 3 15 21 22 23 28 35 34 38 39 26 24 19 27 36 42 43 46 53 63 69 73 76 81 75 64 56 55 50 49 40 47 44 41 37 25 16 18 17 14 13 4 5 20 33 85 91 96 97 92 84 86 80 90 89 93 98 99 100 95 94 88 87 11 10 7 6 1 2 29 31 
79 92 96 97 98 99 91 59 55 51 62 66 87 88 94 80 76 100 95 70 47 36 17 18 25 26 24 20 23 28 49 78 82 83 85 84 77 72 64 67 68 71 33 15 1 2 6 10 32 40 45 48 43 39 38 35 42 53 73 86 93 89 90 81 75 63 58 41 27 19 9 8 12 21 22 29 30 31 54 57 56 50 44 34 13 4 5 14 37 46 52 69 74 65 61 60 16 3 7 11 
62 72 77 82 91 92 85 83 78 56 55 50 48 69 73 76 80 89 90 99 98 75 74 70 88 95 100 94 87 81 84 64 59 45 26 18 17 16 61 65 66 60 47 31 30 29 32 41 42 35 34 58 37 33 28 23 12 19 24 27 20 15 21 22 71 96 97 93 86 79 63 13 4 5 9 8 3 25 36 44 43 39 38 14 11 10 2 1 6 7 40 49 68 67 54 57 51 46 52 53 
62 72 77 82 91 92 85 83 78 56 55 50 48 69 73 76 80 89 90 99 98 75 74 70 88 95 100 94 87 81 84 64 59 45 26 18 17 16 61 65 66 60 47 31 30 29 32 41 42 35 34 58 37 33 28 23 12 19 24 27 20 15 21 22 71 96 97 93 86 79 63 13 4 5 9 8 3 25 36 44 43 39 38 14 11 10 2 1 6 7 40 49 68 67 54 57 51 46 52 53 
95 88 62 57 51 32 22 15 11 10 9 4 5 48 50 55 56 59 67 68 72 76 80 84 85 83 82 78 81 75 74 58 73 86 91 92 96 97 71 54 47 44 45 40 49 64 77 79 93 90 66 65 53 52 46 43 41 36 37 13 14 34 38 60 99 98 89 39 35 17 16 27 24 19 18 25 26 28 20 23 21 29 30 31 69 70 63 42 33 12 3 7 6 2 1 8 61 87 94 100 
2 1 3 24 36 41 43 17 9 8 12 28 55 56 97 96 92 91 46 26 25 37 60 61 65 66 88 95 74 75 81 90 89 93 86 42 35 34 18 16 19 27 40 49 45 48 50 54 51 47 70 69 84 77 85 83 82 78 71 79 80 87 94 100 99 98 73 64 62 63 58 57 53 52 33 31 32 59 68 67 72 76 44 30 21 11 10 6 5 4 13 14 38 39 22 29 23 20 15 7 
93 82 83 86 98 94 95 100 99 90 67 68 71 79 80 76 73 72 54 51 4 5 20 23 28 33 74 75 81 58 46 37 17 9 8 12 29 32 40 45 57 63 66 65 39 36 3 1 2 15 22 49 48 47 61 60 42 41 43 35 34 10 11 21 31 59 78 91 89 88 87 38 13 14 16 18 25 26 27 24 19 6 7 30 64 69 70 62 53 52 44 50 55 56 77 84 85 96 97 92 
97 96 91 85 78 47 43 42 38 34 35 41 51 58 62 87 94 95 100 99 90 81 69 74 75 73 55 50 48 36 26 25 20 22 29 31 77 72 79 82 83 84 86 80 76 57 53 52 46 37 14 13 9 24 27 44 54 64 67 68 71 59 56 49 45 40 33 32 30 28 23 19 16 17 18 12 3 1 2 10 11 15 21 7 6 8 5 4 39 66 88 65 61 60 63 70 89 98 93 92 
81 75 74 54 51 30 23 28 8 9 35 39 42 43 41 36 33 27 26 37 62 70 90 89 100 94 95 73 72 79 78 82 83 84 85 93 98 99 86 80 76 69 58 53 57 71 91 92 96 97 49 40 32 29 22 21 15 10 11 7 25 18 17 16 12 19 24 20 31 67 68 77 64 59 56 48 45 44 46 52 47 50 55 63 65 66 87 88 1 2 6 3 5 4 13 14 34 38 60 61 
100 95 87 88 90 85 83 84 86 98 99 69 58 54 59 71 78 82 68 51 14 13 4 5 9 8 16 24 28 33 45 48 50 55 56 93 97 96 92 91 49 31 23 20 22 21 29 32 40 53 60 61 70 74 75 81 89 76 79 77 73 80 72 67 64 62 63 38 39 41 43 42 36 26 25 18 19 10 7 11 15 12 27 34 35 52 57 47 44 37 17 3 1 2 6 30 46 66 65 94 
91 93 86 17 16 18 25 26 37 65 60 39 38 34 35 42 44 48 49 45 33 28 23 8 3 6 7 20 9 5 4 13 14 2 1 12 36 63 69 74 70 88 87 66 32 29 30 31 56 64 62 54 24 19 27 40 59 67 72 98 99 80 76 73 75 81 55 50 53 58 52 46 43 51 47 41 57 68 78 82 83 85 84 77 79 89 90 95 100 94 61 21 15 10 11 22 71 97 96 92 
55 50 32 29 20 19 24 12 7 6 2 1 3 8 34 35 38 42 47 44 72 82 78 83 84 76 80 92 96 97 41 36 37 27 23 28 30 31 40 77 79 73 74 69 58 46 52 51 57 62 93 98 99 88 95 100 94 87 65 61 56 48 45 16 18 25 39 90 89 81 75 70 63 53 54 64 71 85 91 86 66 60 43 33 21 22 15 11 10 9 5 4 13 14 17 26 49 59 68 67 
98 99 62 26 25 18 24 19 15 21 6 7 10 40 48 55 72 77 79 58 17 5 4 81 75 74 69 80 76 89 90 88 87 70 56 59 68 67 64 57 54 45 33 28 20 22 29 11 2 1 3 23 30 44 47 51 43 41 42 39 38 73 82 83 84 78 16 8 9 12 27 36 53 86 91 92 96 97 100 95 94 34 13 14 35 37 46 52 61 60 65 66 63 50 31 32 49 71 85 93 
94 100 95 37 26 16 25 36 43 46 52 54 45 32 22 21 15 7 2 1 6 61 60 63 53 41 33 9 8 3 12 19 24 27 20 29 31 44 51 48 50 49 59 68 78 82 83 96 97 92 91 85 84 80 65 66 38 39 42 47 57 64 67 71 76 73 62 58 14 34 35 70 81 75 74 69 56 55 40 30 23 28 18 17 13 4 5 10 11 72 77 79 93 86 98 99 89 90 87 88 
14 13 18 26 30 32 45 47 51 78 82 83 85 84 80 75 74 69 86 97 96 92 91 93 72 68 67 59 56 55 50 48 36 35 34 39 52 53 54 57 62 89 98 99 90 70 46 43 42 33 22 21 15 3 17 16 12 8 9 5 4 37 41 44 31 29 11 10 1 2 6 7 58 63 61 25 27 24 19 20 23 28 40 49 64 71 77 79 73 76 81 94 100 95 88 87 66 65 60 38 
96 97 92 26 25 37 54 62 74 69 76 80 72 68 67 57 18 16 12 10 11 15 21 22 49 59 71 78 82 83 85 84 79 73 75 81 90 98 99 88 94 87 100 95 65 60 61 58 53 52 43 27 20 29 32 31 40 50 55 56 51 44 7 6 2 1 3 19 24 36 41 47 66 70 89 93 91 86 63 46 42 14 13 34 35 38 39 17 5 4 9 8 28 23 30 33 45 48 64 77 
20 24 19 18 26 35 34 13 14 38 39 73 76 50 3 1 2 6 7 10 11 15 33 41 46 43 42 36 37 52 58 68 78 71 59 56 55 30 28 23 27 95 94 100 97 96 92 91 72 64 40 32 29 22 21 31 82 83 85 93 86 75 74 48 45 49 67 77 84 79 80 98 99 88 87 60 61 53 51 47 54 81 89 90 66 65 63 57 62 70 69 44 25 16 17 4 5 9 8 12 
