37 38 15 25 28 26 47 14 13 27 11 12 40 39 32 49 36 35 34 44 29 16 46 48 24 5 6 4 43 33 10 9 8 41 19 45 3 18 31 22 1 23 21 17 42 7 2 30 20 50 
49 32 45 19 8 41 3 18 31 22 1 37 48 24 5 15 10 9 17 21 42 7 2 30 23 34 39 43 33 4 46 16 29 20 50 44 25 12 11 13 14 47 26 27 28 6 38 40 36 35 
14 47 29 30 23 3 17 7 2 42 21 31 18 22 50 20 1 32 49 36 39 40 37 38 15 43 33 10 9 8 41 19 45 35 34 44 16 46 25 12 11 27 26 28 4 6 5 24 48 13 
11 33 43 4 15 5 6 25 26 47 29 20 21 3 17 42 7 2 30 23 22 1 34 39 40 37 38 24 46 48 44 16 50 31 18 49 35 36 32 45 19 41 8 9 10 12 28 27 13 14 
24 48 25 12 28 27 26 46 10 9 8 41 19 45 32 49 22 3 18 31 21 17 7 2 42 29 16 47 14 13 11 33 43 4 6 15 5 40 39 36 35 34 44 50 20 30 23 1 37 38 
10 39 36 35 34 44 20 50 46 25 12 28 26 47 14 13 27 11 33 43 32 49 40 37 38 15 5 24 48 1 22 31 21 42 2 7 17 3 19 45 18 23 30 29 16 6 4 41 8 9 
18 21 30 23 31 32 49 43 33 11 14 13 27 48 24 38 40 39 37 46 16 50 20 22 1 36 35 34 44 29 2 7 42 17 3 19 45 4 12 28 26 47 25 6 5 15 10 9 8 41 
45 15 25 28 27 12 4 6 5 40 39 34 44 16 29 50 20 23 30 2 7 42 21 31 18 17 3 32 43 33 11 13 14 47 26 46 48 24 38 37 36 35 1 22 49 10 9 8 41 19 
27 28 25 6 24 48 34 44 16 29 50 20 45 19 41 8 9 10 12 13 14 47 26 46 35 36 49 1 22 31 21 23 30 2 7 42 17 3 18 32 39 40 37 38 5 15 4 43 33 11 
42 2 7 17 3 41 8 19 45 20 30 23 31 18 9 10 43 6 4 25 12 28 26 27 11 33 32 1 49 39 36 35 34 44 16 46 13 14 47 29 50 37 38 15 5 24 48 40 22 21 
19 41 8 9 10 45 32 1 20 23 21 31 22 35 37 24 48 46 16 50 44 34 40 38 5 15 6 25 27 13 14 11 33 43 36 30 42 2 7 17 3 18 39 4 12 28 26 47 29 49 
41 8 19 45 15 5 37 49 32 9 10 43 28 26 27 13 14 47 29 20 23 21 17 7 2 42 30 22 1 34 35 36 39 40 38 24 25 12 11 33 4 6 48 46 44 16 50 31 18 3 
4 6 16 50 20 44 32 8 9 10 5 24 48 38 40 39 22 18 31 21 42 2 7 17 3 41 19 45 35 34 46 26 27 13 14 47 29 30 23 1 49 36 37 15 43 33 11 28 12 25 
12 29 16 46 48 24 5 38 37 44 50 20 23 30 2 7 42 21 22 1 34 35 36 39 49 32 40 6 4 43 33 10 9 3 17 31 18 41 8 19 45 15 25 28 27 26 47 14 13 11 
24 28 27 13 14 30 2 7 42 21 31 22 1 44 50 16 46 34 35 36 45 19 32 49 39 40 37 48 26 47 29 20 23 18 17 3 41 8 9 10 43 33 11 12 25 4 6 15 5 38 
7 17 3 18 21 31 22 36 40 38 6 4 25 12 33 10 9 8 41 19 45 32 35 44 16 29 47 14 13 11 28 27 26 46 50 20 23 1 49 43 15 5 24 48 37 39 34 30 42 2 
7 17 3 18 21 31 22 36 40 38 6 4 25 12 33 10 9 8 41 19 45 32 35 44 16 29 47 14 13 11 28 27 26 46 50 20 23 1 49 43 15 5 24 48 37 39 34 30 42 2 
45 22 1 36 38 5 6 25 26 47 29 20 30 21 31 23 50 16 44 34 37 48 24 28 27 13 14 46 35 49 32 3 17 7 2 42 18 39 40 15 4 12 11 33 43 19 41 8 9 10 
7 18 22 36 39 37 40 45 19 3 17 21 31 23 20 50 29 16 25 28 27 26 47 14 13 11 12 4 6 43 33 10 9 8 41 32 49 35 34 38 15 5 24 48 46 44 1 30 42 2 
31 21 17 3 18 35 34 44 20 23 22 1 49 32 45 9 8 41 19 39 40 38 48 24 5 6 4 25 12 28 27 26 46 15 43 10 33 11 13 14 47 29 2 7 42 30 50 16 37 36 
30 20 15 43 33 10 9 8 38 40 39 45 19 41 17 21 31 18 3 27 13 14 11 12 24 48 37 34 46 16 44 35 49 32 22 50 29 47 26 28 25 4 6 5 36 1 23 42 7 2 
20 23 22 1 36 35 46 47 14 13 26 29 16 44 34 40 15 33 11 12 4 43 10 9 8 41 17 42 7 2 30 50 48 24 27 28 25 6 5 45 19 3 21 31 18 32 49 39 38 37 
31 22 1 40 10 9 8 41 19 45 3 32 49 36 35 34 5 6 4 33 43 15 38 39 30 2 7 42 21 17 18 25 12 11 14 13 27 28 26 47 29 16 46 48 24 37 44 50 20 23 
17 18 31 22 1 49 36 35 23 21 42 7 2 30 29 28 11 12 38 40 39 34 44 16 46 25 33 43 4 6 24 5 15 10 9 20 50 26 27 13 14 47 48 37 32 45 19 8 41 3 
43 15 5 24 48 37 35 36 39 6 4 26 47 14 13 27 28 25 38 40 34 44 22 18 31 21 30 2 7 42 17 3 19 41 8 9 10 45 32 49 1 23 20 50 29 16 46 12 11 33 
2 7 42 21 31 22 1 34 44 16 29 50 20 23 45 19 41 8 9 10 33 43 15 5 24 48 38 37 36 39 40 6 4 25 12 11 28 35 49 32 18 17 3 46 26 27 13 14 47 30 
17 3 41 19 45 40 39 36 1 21 42 7 2 28 27 11 12 25 46 23 30 29 26 13 14 47 16 44 32 8 9 10 33 43 4 6 15 20 50 48 24 5 38 37 34 35 49 22 31 18 
24 38 5 15 6 4 43 33 11 12 25 46 44 23 21 30 20 50 35 34 47 14 13 27 26 28 40 37 39 36 49 32 1 22 31 18 3 45 19 10 9 8 41 17 42 7 2 29 16 48 
20 50 32 19 41 8 45 6 12 11 13 14 47 26 25 4 43 33 10 9 3 18 22 49 39 40 38 15 5 24 48 37 36 1 31 17 21 23 16 44 35 34 46 28 27 29 2 7 42 30 
22 23 31 18 19 41 8 9 10 33 43 15 5 38 45 3 17 7 2 42 21 30 20 50 29 16 46 26 27 28 25 4 6 24 48 40 39 36 35 34 37 12 11 13 14 47 44 49 32 1 
